I ran on:
nyx6156
sum: 3608956.401324
square_sum: 4677423951.717626
time: 44.704517
