I ran on:
nyx6163
sum: 655029.095603
square_sum: 4441707231.603509
time: 38.372835
