I ran on:
nyx6164
sum: -2219433.728550
square_sum: 36336032417.637993
time: 149.818012
