I ran on:
nyx6156
sum: 6536887.112126
square_sum: 37151211116.024208
time: 173.909204
